391 369 22
393 371 22
394 372 22
395 373 22
397 375 22
399 377 22
401 379 22
402 380 22
403 381 22
405 383 22
406 384 22
407 385 22
409 387 22
410 388 22
411 389 22
413 391 22
415 393 22
417 395 22
418 396 22
419 397 22
421 399 22
422 400 22
423 401 22
425 403 22
426 404 22
427 405 22
429 407 22
431 409 22
433 411 22
434 412 22
435 413 22
437 415 22
439 417 22
441 419 22
442 420 22
443 421 22
445 423 22
447 425 22
449 427 22
450 428 22
451 429 22
453 431 22
454 432 22
455 433 22
457 435 22
458 436 22
459 437 22
461 439 22
463 441 22
465 443 22
466 444 22
467 445 22
469 447 22
470 448 22
471 449 22
473 451 22
474 452 22
475 453 22
477 455 22
479 457 22
481 459 22
482 460 22
483 461 22
485 463 22
486 464 22
487 465 22
489 467 22
490 468 22
491 469 22
493 471 22
495 473 22
497 475 22
498 476 22
499 477 22
501 479 22
502 480 22
503 481 22
505 483 22
506 484 22
507 485 22
509 487 22
511 489 22
513 491 22
514 492 22
515 493 22
517 495 22
518 496 22
519 497 22
521 499 22
522 500 22
523 501 22
525 503 22
527 505 22
529 507 22
530 508 22
531 509 22
533 511 22
534 512 22
535 513 22
537 515 22
538 516 22
539 517 22
541 519 22
543 521 22
545 523 22
546 524 22
547 525 22
549 527 22
550 528 22
551 529 22
553 531 22
554 532 22
555 533 22
557 535 22
559 537 22
561 539 22
562 540 22
563 541 22
565 543 22
567 545 22
569 547 22
570 548 22
571 549 22
573 551 22
575 553 22
577 555 22
578 556 22
579 557 22
581 559 22
582 560 22
583 561 22
585 563 22
586 564 22
587 565 22
589 567 22
591 569 22
593 571 22
594 572 22
595 573 22
597 575 22
598 576 22
599 577 22
601 579 22
602 580 22
603 581 22
605 583 22
607 585 22
609 587 22
610 588 22
611 589 22
613 591 22
614 592 22
615 593 22
617 595 22
618 596 22
619 597 22
621 599 22
623 601 22
625 603 22
626 604 22
627 605 22
629 607 22
631 609 22
633 611 22
634 612 22
635 613 22
637 615 22
639 617 22
641 619 22
642 620 22
643 621 22
645 623 22
646 624 22
647 625 22
649 627 22
650 628 22
651 629 22
653 631 22
655 633 22
657 635 22
658 636 22
659 637 22
661 639 22
663 641 22
665 643 22
666 644 22
667 645 22
669 647 22
671 649 22
673 651 22
674 652 22
675 653 22
677 655 22
678 656 22
679 657 22
681 659 22
682 660 22
683 661 22
685 663 22
687 665 22
689 667 22
690 668 22
691 669 22
693 671 22
695 673 22
697 675 22
698 676 22
699 677 22
701 679 22
703 681 22
705 683 22
706 684 22
707 685 22
709 687 22
710 688 22
711 689 22
713 691 22
714 692 22
715 693 22
717 695 22
719 697 22
721 699 22
722 700 22
723 701 22
725 703 22
726 704 22
727 705 22
729 707 22
730 708 22
731 709 22
733 711 22
735 713 22
737 715 22
738 716 22
739 717 22
741 719 22
742 720 22
743 721 22
745 723 22
746 724 22
747 725 22
749 727 22
751 729 22
753 731 22
754 732 22
755 733 22
757 735 22
759 737 22
761 739 22
762 740 22
763 741 22
765 743 22
767 745 22
769 747 22
770 748 22
771 749 22
773 751 22
774 752 22
775 753 22
777 755 22
778 756 22
779 757 22
781 759 22
783 761 22
785 763 22
786 764 22
787 765 22
789 767 22
791 769 22
793 771 22
794 772 22
795 773 22
797 775 22
799 777 22
801 779 22
802 780 22
803 781 22
805 783 22
806 784 22
807 785 22
809 787 22
810 788 22
811 789 22
813 791 22
815 793 22
817 795 22
818 796 22
819 797 22
821 799 22
823 801 22
825 803 22
826 804 22
827 805 22
829 807 22
831 809 22
833 811 22
834 812 22
835 813 22
837 815 22
838 816 22
839 817 22
841 819 22
842 820 22
843 821 22
845 823 22
847 825 22
849 827 22
850 828 22
851 829 22
853 831 22
854 832 22
855 833 22
857 835 22
858 836 22
859 837 22
861 839 22
863 841 22
865 843 22
866 844 22
867 845 22
869 847 22
870 848 22
871 849 22
873 851 22
874 852 22
875 853 22
877 855 22
879 857 22
881 859 22
882 860 22
883 861 22
885 863 22
887 865 22
889 867 22
890 868 22
891 869 22
893 871 22
895 873 22
897 875 22
898 876 22
899 877 22
901 879 22
902 880 22
903 881 22
905 883 22
906 884 22
907 885 22
909 887 22
911 889 22
913 891 22
914 892 22
915 893 22
917 895 22
919 897 22
921 899 22
922 900 22
923 901 22
925 903 22
927 905 22
929 907 22
930 908 22
931 909 22
933 911 22
934 912 22
935 913 22
937 915 22
938 916 22
939 917 22
941 919 22
943 921 22
945 923 22
946 924 22
947 925 22
949 927 22
951 929 22
953 931 22
954 932 22
955 933 22
957 935 22
959 937 22
961 939 22
962 940 22
963 941 22
965 943 22
966 944 22
967 945 22
969 947 22
970 948 22
971 949 22
973 951 22
975 953 22
977 955 22
978 956 22
979 957 22
981 959 22
983 961 22
985 963 22
986 964 22
987 965 22
989 967 22
991 969 22
993 971 22
994 972 22
995 973 22
997 975 22
998 976 22
999 977 22
1001 979 22
1002 980 22
1003 981 22
1005 983 22
1007 985 22
1009 987 22
1010 988 22
1011 989 22
1013 991 22
1015 993 22
1017 995 22
1018 996 22
1019 997 22
1021 999 22
1023 1001 22
1025 1003 22
1026 1004 22
1027 1005 22
1029 1007 22
1030 1008 22
1031 1009 22
1033 1011 22
1034 1012 22
1035 1013 22
1037 1015 22
1039 1017 22
1041 1019 22
1042 1020 22
1043 1021 22
1045 1023 22
1047 1025 22
1049 1027 22
1050 1028 22
1051 1029 22
1053 1031 22
1055 1033 22
1057 1035 22
1058 1036 22
1059 1037 22
1061 1039 22
1062 1040 22
1063 1041 22
1065 1043 22
1066 1044 22
1067 1045 22
1069 1047 22
1071 1049 22
1073 1051 22
1074 1052 22
1075 1053 22
1077 1055 22
1079 1057 22
1081 1059 22
1082 1060 22
1083 1061 22
1085 1063 22
1087 1065 22
1089 1067 22
1090 1068 22
1091 1069 22
1093 1071 22
1094 1072 22
1095 1073 22
1097 1075 22
1098 1076 22
1099 1077 22
1101 1079 22
1103 1081 22
1105 1083 22
1106 1084 22
1107 1085 22
1109 1087 22
1110 1088 22
1111 1089 22
1113 1091 22
1114 1092 22
1115 1093 22
1117 1095 22
1119 1097 22
1121 1099 22
1122 1100 22
1123 1101 22
1125 1103 22
1126 1104 22
1127 1105 22
1129 1107 22
1130 1108 22
1131 1109 22
1133 1111 22
1135 1113 22
1137 1115 22
1138 1116 22
1139 1117 22
1141 1119 22
1143 1121 22
1145 1123 22
1146 1124 22
1147 1125 22
1149 1127 22
1151 1129 22
1153 1131 22
1154 1132 22
1155 1133 22
1157 1135 22
1158 1136 22
1159 1137 22
1161 1139 22
1162 1140 22
1163 1141 22
1165 1143 22
1167 1145 22
1169 1147 22
1170 1148 22
1171 1149 22
1173 1151 22
1175 1153 22
1177 1155 22
1178 1156 22
1179 1157 22
1181 1159 22
1183 1161 22
1185 1163 22
1186 1164 22
1187 1165 22
1189 1167 22
1190 1168 22
1191 1169 22
5
1193 1171 22
1194 1172 22
1195 1173 22
1197 1175 22
1199 1177 22
1201 1179 22
1202 1180 22
1203 1181 22
1205 1183 22
1207 1185 22
1209 1187 22
1210 1188 22
1211 1189 22
1213 1191 22
1215 1193 22
1217 1195 22
1218 1196 22
1219 1197 22
1221 1199 22
1222 1200 22
1223 1201 22
1225 1203 22
1226 1204 22
1227 1205 22
1229 1207 22
1231 1209 22
1233 1211 22
1234 1212 22
1235 1213 22
1237 1215 22
1238 1216 22
1239 1217 22
1241 1219 22
1242 1220 22
1243 1221 22
1245 1223 22
1247 1225 22
1249 1227 22
1250 1228 22
1251 1229 22
1253 1231 22
1254 1232 22
1255 1233 22
1257 1235 22
1258 1236 22
1259 1237 22
1261 1239 22
1263 1241 22
1265 1243 22
1266 1244 22
1267 1245 22
1269 1247 22
1271 1249 22
1273 1251 22
1274 1252 22
1275 1253 22
1277 1255 22
1279 1257 22
1281 1259 22
1282 1260 22
1283 1261 22
1285 1263 22
1286 1264 22
1287 1265 22
1289 1267 22
1290 1268 22
1291 1269 22
1293 1271 22
1295 1273 22
1297 1275 22
1298 1276 22
1299 1277 22
1301 1279 22
1302 1280 22
1303 1281 22
1305 1283 22
1306 1284 22
1307 1285 22
1309 1287 22
1311 1289 22
1313 1291 22
1314 1292 22
1315 1293 22
1317 1295 22
1318 1296 22
1319 1297 22
1321 1299 22
1322 1300 22
1323 1301 22
1325 1303 22
1327 1305 22
1329 1307 22
1330 1308 22
1331 1309 22
1333 1311 22
1335 1313 22
1337 1315 22
1338 1316 22
1339 1317 22
1341 1319 22
1343 1321 22
1345 1323 22
1346 1324 22
1347 1325 22
1349 1327 22
1350 1328 22
1351 1329 22
1353 1331 22
1354 1332 22
1355 1333 22
1357 1335 22
1359 1337 22
1361 1339 22
1362 1340 22
1363 1341 22
1365 1343 22
1366 1344 22
1367 1345 22
1369 1347 22
1370 1348 22
1371 1349 22
1373 1351 22
1375 1353 22
1377 1355 22
1378 1356 22
1379 1357 22
1381 1359 22
1382 1360 22
1383 1361 22
1385 1363 22
1386 1364 22
1387 1365 22
1389 1367 22
1391 1369 22
1393 1371 22
1394 1372 22
1395 1373 22
1397 1375 22
1399 1377 22
1401 1379 22
1402 1380 22
1403 1381 22
1405 1383 22
1407 1385 22
1409 1387 22
1410 1388 22
1411 1389 22
1413 1391 22
1414 1392 22
1415 1393 22
1417 1395 22
1418 1396 22
1419 1397 22
1421 1399 22
1423 1401 22
1425 1403 22
1426 1404 22
1427 1405 22
1429 1407 22
1431 1409 22
1433 1411 22
1434 1412 22
1435 1413 22
1437 1415 22
1439 1417 22
1441 1419 22
1442 1420 22
1443 1421 22
1445 1423 22
1446 1424 22
1447 1425 22
1449 1427 22
1450 1428 22
1451 1429 22
1453 1431 22
1455 1433 22
1457 1435 22
1458 1436 22
1459 1437 22
1461 1439 22
1463 1441 22
1465 1443 22
1466 1444 22
1467 1445 22
1469 1447 22
1471 1449 22
1473 1451 22
1474 1452 22
1475 1453 22
1477 1455 22
1478 1456 22
1479 1457 22
1481 1459 22
1482 1460 22
1483 1461 22
1485 1463 22
1487 1465 22
1489 1467 22
1490 1468 22
1491 1469 22
1493 1471 22
1494 1472 22
1495 1473 22
1497 1475 22
1498 1476 22
1499 1477 22
1501 1479 22
1503 1481 22
1505 1483 22
1506 1484 22
1507 1485 22
1509 1487 22
1510 1488 22
1511 1489 22
1513 1491 22
1514 1492 22
1515 1493 22
1517 1495 22
1519 1497 22
1521 1499 22
1522 1500 22
1523 1501 22
1525 1503 22
1527 1505 22
1529 1507 22
1530 1508 22
1531 1509 22
1533 1511 22
1535 1513 22
1537 1515 22
1538 1516 22
1539 1517 22
1541 1519 22
1542 1520 22
1543 1521 22
1545 1523 22
1546 1524 22
1547 1525 22
1549 1527 22
1551 1529 22
1553 1531 22
1554 1532 22
1555 1533 22
1557 1535 22
1558 1536 22
1559 1537 22
1561 1539 22
1562 1540 22
1563 1541 22
1565 1543 22
1567 1545 22
1569 1547 22
1570 1548 22
1571 1549 22
1573 1551 22
1574 1552 22
1575 1553 22
1577 1555 22
1578 1556 22
1579 1557 22
1581 1559 22
1583 1561 22
1585 1563 22
1586 1564 22
1587 1565 22
1589 1567 22
1591 1569 22
1593 1571 22
1594 1572 22
1595 1573 22
1597 1575 22
1599 1577 22
1601 1579 22
1602 1580 22
1603 1581 22
1605 1583 22
1606 1584 22
1607 1585 22
1609 1587 22
1610 1588 22
1611 1589 22
1613 1591 22
1615 1593 22
1617 1595 22
1618 1596 22
1619 1597 22
1621 1599 22
1622 1600 22
1623 1601 22
1625 1603 22
1626 1604 22
1627 1605 22
1629 1607 22
1631 1609 22
1633 1611 22
1634 1612 22
1635 1613 22
1637 1615 22
1638 1616 22
1639 1617 22
1641 1619 22
1642 1620 22
1643 1621 22
1645 1623 22
1647 1625 22
1649 1627 22
1650 1628 22
1651 1629 22
1653 1631 22
1655 1633 22
1657 1635 22
1658 1636 22
1659 1637 22
1661 1639 22
1663 1641 22
1665 1643 22
1666 1644 22
1667 1645 22
1669 1647 22
1670 1648 22
1671 1649 22
1673 1651 22
1674 1652 22
1675 1653 22
1677 1655 22
1679 1657 22
1681 1659 22
1682 1660 22
1683 1661 22
1685 1663 22
1687 1665 22
1689 1667 22
1690 1668 22
1691 1669 22
1693 1671 22
1695 1673 22
1697 1675 22
1698 1676 22
1699 1677 22
1701 1679 22
1702 1680 22
1703 1681 22
1705 1683 22
1706 1684 22
1707 1685 22
1709 1687 22
1711 1689 22
1713 1691 22
1714 1692 22
1715 1693 22
1717 1695 22
1719 1697 22
1721 1699 22
1722 1700 22
1723 1701 22
1725 1703 22
1727 1705 22
1729 1707 22
1730 1708 22
1731 1709 22
1733 1711 22
1734 1712 22
1735 1713 22
1737 1715 22
1738 1716 22
1739 1717 22
1741 1719 22
1743 1721 22
1745 1723 22
1746 1724 22
1747 1725 22
1749 1727 22
1750 1728 22
1751 1729 22
1753 1731 22
1754 1732 22
1755 1733 22
1757 1735 22
1759 1737 22
1761 1739 22
1762 1740 22
1763 1741 22
1765 1743 22
1766 1744 22
1767 1745 22
1769 1747 22
1770 1748 22
1771 1749 22
1773 1751 22
1775 1753 22
1777 1755 22
1778 1756 22
1779 1757 22
1781 1759 22
1783 1761 22
1785 1763 22
1786 1764 22
1787 1765 22
1789 1767 22
1791 1769 22
1793 1771 22
1794 1772 22
1795 1773 22
1797 1775 22
1798 1776 22
1799 1777 22
1801 1779 22
1802 1780 22
1803 1781 22
1805 1783 22
1807 1785 22
1809 1787 22
1810 1788 22
1811 1789 22
1813 1791 22
1814 1792 22
1815 1793 22
1817 1795 22
1818 1796 22
1819 1797 22
1821 1799 22
1823 1801 22
1825 1803 22
1826 1804 22
1827 1805 22
1829 1807 22
1830 1808 22
1831 1809 22
1833 1811 22
1834 1812 22
1835 1813 22
1837 1815 22
1839 1817 22
1841 1819 22
1842 1820 22
1843 1821 22
1845 1823 22
1847 1825 22
1849 1827 22
1850 1828 22
1851 1829 22
1853 1831 22
1855 1833 22
1857 1835 22
1858 1836 22
1859 1837 22
1861 1839 22
1862 1840 22
1863 1841 22
1865 1843 22
1866 1844 22
1867 1845 22
1869 1847 22
1871 1849 22
1873 1851 22
1874 1852 22
1875 1853 22
1877 1855 22
1878 1856 22
1879 1857 22
1881 1859 22
1882 1860 22
1883 1861 22
1885 1863 22
1887 1865 22
1889 1867 22
1890 1868 22
1891 1869 22
1893 1871 22
1894 1872 22
1895 1873 22
1897 1875 22
1898 1876 22
1899 1877 22
1901 1879 22
1903 1881 22
1905 1883 22
1906 1884 22
1907 1885 22
1909 1887 22
1911 1889 22
1913 1891 22
1914 1892 22
1915 1893 22
1917 1895 22
1919 1897 22
1921 1899 22
1922 1900 22
1923 1901 22
1925 1903 22
1926 1904 22
1927 1905 22
1929 1907 22
1930 1908 22
1931 1909 22
1933 1911 22
1935 1913 22
1937 1915 22
1938 1916 22
1939 1917 22
1941 1919 22
1942 1920 22
1943 1921 22
1945 1923 22
1946 1924 22
1947 1925 22
1949 1927 22
1951 1929 22
