n:  1 |  1  0
n:  2 |  1  1  1
n:  3 |  2  2  2  0
n:  4 |  3  2  3  3  0
n:  5 |  3  3  3  3  3  0
n:  6 |  2  2  2  2  2  2  2
n:  7 |  4  4  4  4  4  4  4  0
n:  8 |  5  4  5  3  5  5  5  5  5
n:  9 |  5  5  5  5  5  5  5  5  5  0
n: 10 |  6  6  6  4  6  6  3  6  6  6  6
n: 11 |  7  6  5  7  4  7  7  7  7  7  7  0
n: 12 |  7  7  7  7  7  4  7  7  7  7  7  7  0
n: 13 |  6  6  6  6  6  6  6  6  6  6  6  6  6  0
n: 14 |  4  4  4  4  4  4  4  4  4  4  4  4  4  4  4
n: 15 |  8  8  8  7  8  8  8  8  8  8  8  8  8  8  8  0
n: 16 |  9  8  9  6  9  9  9  9  9  9  9  9  9  9  9  9  0
n: 17 |  9  9  9  9  9  9  7  9  9  9  9  9  9  9  9  9  9  0
n: 18 |  8  8  8  8  8  8  8  8  8  8  5  8  8  8  8  8  8  8  8
n: 19 | 10 10  9 10 10 10 10 10 10 10 10 10 10 10 10 10 10 10 10  0
n: 20 | 11 10 11 11 11 11 11 11 11 11 11 11 11 11 11 11 11 11 11 11  0
n: 21 | 11 10 11 11 11 11 11 11 11 11 11 11 11 11 11 11 11 11 11 11 11  0
n: 22 | 12 12 11 12 12 12 12 12 12 12  7 12 12 12 12 12 12 12 12 12 12 12 12
n: 23 | 13 12 13 13 10 13 13  9 13 13 13 13 13 13 13 13 13 13 13 13 13 13 13  0
n: 24 | 13 12 13 13 13 10 13 13 13 13 13 13 13  7 13 13 13 13 13 13 13 13 13 13 13
n: 25 | 14 14 13 14 14 14 10 14 14 14 14 14 14 14 14 14 14 14 14 14 14 14 14 14 14  0
n: 26 | 15 14 15 15 12 15 15 10 15 15 15 15 15 15 15 15  6 15 15 15 15 15 15 15 15 15 15
n: 27 | 15 14 15 15 15 12 15 15 15 15 15 15 15 15 15 15 15 15 15 15 15 15 15 15 15 15 15  0
n: 28 | 16 16 15 16 16 16 12 16 16 10 16 16 16  8 16 16 16 16 16 16 16 16 16 16 16 16 16 16  0
n: 29 | 17 16 17 17 14 17 13 12 17 17 17 17 17 17 17 17 17 17 17 17 17 17 17 17 17 17 17 17 17  0
n: 30 | 17 16 17 17 17 14 13 17 17 17 17 10  8 17 17 17 17 17 17 17 17 17 17 17 17 17 17 17 17 17 17
n: 31 | 14 14 14 14 14 14 14 14 14 12 14 14 14 14 14 14 14 14 14 14 14 14 14 14 14 14 14 14 14 14 14  0
n: 32 | 18 18 18 18 16 12 15 18 18 18 18 18 18 10 18  9 18 18 18 18 18 18 18 18 18 18 18 18 18 18 18 18 18
n: 33 | 19 18 19 17 19 16 15 19 19 19 19 12 19 19 19 19 19 19 19 19 19 19 19 19 19 19 19 19 19 19 19 19 19  0
n: 34 | 16 16 16 16 16 16 16 16 16 16 16 16 16 16 16 10 16 16  9 16 16 16 16 16 16 16 16 16 16 16 16 16 16 16 16
n: 35 | 17 17 17 17 17 17 17 17 17 17 17 17 17 12 17 17 10 17 17 17 17 17 17 17 17 17 17 17 17 17 17 17 17 17 17  0
n: 36 | 18 18 18 18 18 18 18 18 18 18 18 18 18 18 18 18 18 10 18 18 18 18 18 18 18 18 18 18 18 18 18 18 18 18 18 18  0
n: 37 | 20 18 20 16 19 20 20 20 20 20 20 20 20 20 13 20 20 20 20 20 20 20 20 20 20 20 20 20 20 20 20 20 20 20 20 20 20  0
n: 38 | 10 10 10 10 10 10 10 10 10 10 10 10 10 10 10 10 10 10 10 10 10 10 10 10 10 10 10 10 10 10 10 10 10 10 10 10 10 10 10
n: 39 | 19 19 19 19 19 19 19 19 19 19 19 19 19 19 19 19 19 12 19 19 19 19 19 19 19 19 19 19 19 19 19 19 19 19 19 19 19 19 19  0
n: 40 | 20 20 20 20 20 20 20 20 20 20 20 20 20 20 20 14 20 20 20 11 20 20 20 20 20 20 20 20 20 20 20 20 20 20 20 20 20 20 20 20 20
n: 41 | 21 20 21 21 21 21 21 16 21 21 21 21 21 21 21 21 21 21 21 12 21 21 21 21 21 21 21 21 21 21 21 21 21 21 21 21 21 21 21 21 21  0
n: 42 | 21 21 21 21 21 21 21 21 21 21 21 21 21 21 21 15 21 21 21 21 12 21 11 21 21 21 21 21 21 21 21 21 21 21 21 21 21 21 21 21 21 21 21
n: 43 | 22 22 22 22 22 22 22 22 22 22 22 22 22 22 22 22 22 22 22 22 22 12 22 22 22 22 22 22 22 22 22 22 22 22 22 22 22 22 22 22 22 22 22  0
n: 44 | 23 22 23 23 23 19 23 23 23 23 23 23 23 23 23 23 23 23 23 23 23 23 23 23 23 23 23 23 23 23 23 23 23 23 23 23 23 23 23 23 23 23 23 23  0
n: 45 | 23 23 23 23 23 23 23 23 23 18 23 23 23 23 23 23 23 23 23 23 23 23 23 12 23 23 23 23 23 23 23 23 23 23 23 23 23 23 23 23 23 23 23 23 23  0
n: 46 | 24 24 24 22 24 24 24 24 24 24 24 24 24 24 24 24 24 24 24 24 24 24 13 24 12 24 24 24 24 24 24 24 24 24 24 24 24 24 24 24 24 24 24 24 24 24 24
n: 47 | 25 24 25 25 22 25 25 25 25 25 25 18 25 25 25 25 25 25 25 25 25 25 25 25 25 12 25 25 25 25 25 25 25 25 25 25 25 25 25 25 25 25 25 25 25 25 25  0
n: 48 | 25 25 25 25 25 22 21 25 25 25 25 25 25 25 25 25 25 25 25 25 25 25 25 25 25 25 25 25 25 25 25 25 25 25 25 25 25 25 25 25 25 25 25 25 25 25 25 25  0
n: 49 | 24 24 24 24 23 24 24 24 24 24 24 24 24 24 24 24 24 24 24 24 24 16 24 24 24 24 24 12 24 24 24 24 24 24 24 24 24 24 24 24 24 24 24 24 24 24 24 24 24  0